8 1 0
8 1 0.073027
16 1 0.161871
20 1 0.165573
28 1 0.354030
40 1 0.356386
52 1 0.497055
80 1 0.498401
100 1 0.504964
104 1 0.594481
208 1 0.645634
316 1 0.645802
412 1 0.652196
816 1 0.652364
944 1 0.658758
1576 1 0.659768
1640 1 0.698132
3152 1 0.698301
3280 1 0.704695
3624 1 0.705199
3688 1 0.724382
6460 1 0.725559
6556 1 0.770318
13076 1 0.770655
13108 1 0.783443
14652 1 0.784116
14748 1 0.809692
26152 1 0.811543
26216 1 0.881878
52304 1 0.882214
52432 1 0.895003
58920 1 0.896012
58984 1 0.934377
104764 1 0.935218
104860 1 0.967188
204800 1 0.973751
209684 1 0.973919
209716 1 0.980313
235836 1 0.980818
235932 1 1.000000
