1 1 0
1 1 0.136218
2 1 0.270333
3 1 0.364459
4 1 0.467687
5 1 0.518069
6 1 0.563231
7 1 0.607334
8 1 0.628014
9 1 0.643816
10 1 0.665119
11 1 0.68999
12 1 0.698889
13 1 0.71187
14 1 0.737584
15 1 0.745968
16 1 0.757889
17 1 0.766149
18 1 0.779037
19 1 0.795353
20 1 0.816952
21 1 0.828578
22 1 0.841076
23 1 0.852608
24 1 0.856971
25 1 0.862815
26 1 0.869002
27 1 0.87561
28 1 0.885926
29 1 0.894201
30 1 0.898378
31 1 0.901292
32 1 0.904627
33 1 0.906996
34 1 0.910985
35 1 0.912154
36 1 0.913463
37 1 0.916346
38 1 0.917328
39 1 0.918278
40 1 0.919806
41 1 0.920881
42 1 0.921738
43 1 0.923218
44 1 0.924325
45 1 0.926335
46 1 0.927691
47 1 0.928564
48 1 0.929343
49 1 0.930371
50 1 0.931306
51 1 0.932273
52 1 0.933254
53 1 0.934298
54 1 0.935171
55 1 0.936028
56 1 0.936745
57 1 0.937493
58 1 0.938397
59 1 0.939145
60 1 0.939893
61 1 0.940641
62 1 0.94128
63 1 0.942122
64 1 0.943836
65 1 0.948137
66 1 0.948682
67 1 0.949337
68 1 0.950178
69 1 0.951145
70 1 0.952454
71 1 0.953295
72 1 0.953841
73 1 0.954526
74 1 0.955165
75 1 0.956022
76 1 0.956521
77 1 0.957004
78 1 0.957409
79 1 0.958142
80 1 0.958703
81 1 0.959155
82 1 0.959622
83 1 0.960246
84 1 0.960744
85 1 0.961259
86 1 0.961555
87 1 0.961851
88 1 0.962194
89 1 0.962583
90 1 0.963004
91 1 0.963316
92 1 0.96344
93 1 0.963736
94 1 0.964142
95 1 0.96436
96 1 0.964625
97 1 0.964718
98 1 0.964921
99 1 0.965108
100 1 0.96531
101 1 0.965388
102 1 0.965482
103 1 0.965731
104 1 0.965903
105 1 0.966121
106 1 0.96623
107 1 0.96637
108 1 0.966557
109 1 0.96676
110 1 0.9669
111 1 0.966993
112 1 0.967102
113 1 0.967227
114 1 0.967383
115 1 0.967523
116 1 0.967632
117 1 0.96771
118 1 0.967866
119 1 0.967975
120 1 0.968084
121 1 0.968147
122 1 0.968225
123 1 0.968458
124 1 0.968583
125 1 0.968661
126 1 0.96877
127 1 0.968817
128 1 0.968879
129 1 0.968926
130 1 0.968988
131 1 0.96905
132 1 0.969066
133 1 0.969175
134 1 0.969222
135 1 0.969347
136 1 0.969409
137 1 0.969502
138 1 0.96958
139 1 0.969721
140 1 0.969814
141 1 0.969845
143 1 0.969908
144 1 0.969986
145 1 0.970017
146 1 0.970063
147 1 0.970079
148 1 0.97011
149 1 0.970141
150 1 0.970204
151 1 0.970219
152 1 0.970235
153 1 0.970282
154 1 0.970297
155 1 0.970328
156 1 0.970406
157 1 0.970422
158 1 0.970469
159 1 0.970515
160 1 0.970531
161 1 0.970547
162 1 0.970578
163 1 0.970593
164 1 0.970624
166 1 0.970671
167 1 0.970702
168 1 0.970734
169 1 0.970749
170 1 0.970765
171 1 0.97078
174 1 0.970827
175 1 0.970843
176 1 0.970858
178 1 0.970874
179 1 0.970936
180 1 0.971544
181 1 0.971591
182 1 0.971622
183 1 0.971653
188 1 0.971669
189 1 0.971684
190 1 0.9717
192 1 0.971715
193 1 0.971746
194 1 0.971809
196 1 0.97184
197 1 0.971856
198 1 0.971871
199 1 0.971902
200 1 0.971933
202 1 0.971949
203 1 0.97198
204 1 0.971996
205 1 0.972011
207 1 0.972027
208 1 0.972043
212 1 0.972058
213 1 0.972074
215 1 0.972089
216 1 0.97212
219 1 0.972152
221 1 0.972167
222 1 0.972198
223 1 0.972214
225 1 0.97223
226 1 0.972245
227 1 0.972261
228 1 0.972276
229 1 0.972323
230 1 0.972339
232 1 0.972354
234 1 0.972385
236 1 0.972401
238 1 0.972432
240 1 0.972463
243 1 0.972479
244 1 0.972495
250 1 0.97251
251 1 0.972526
255 1 0.972541
259 1 0.972572
263 1 0.972588
264 1 0.972604
269 1 0.972619
270 1 0.97265
271 1 0.972666
272 1 0.972682
273 1 0.972697
277 1 0.972713
280 1 0.972744
281 1 0.972759
283 1 0.972775
286 1 0.972791
289 1 0.972806
291 1 0.972853
294 1 0.972869
296 1 0.972915
298 1 0.972931
299 1 0.972946
301 1 0.972962
302 1 0.972993
304 1 0.973009
306 1 0.973024
307 1 0.97304
308 1 0.973056
309 1 0.973071
313 1 0.973087
314 1 0.973102
315 1 0.973118
319 1 0.973133
321 1 0.973149
322 1 0.973165
323 1 0.97318
325 1 0.973196
326 1 0.973211
327 1 0.973227
329 1 0.973243
330 1 0.973258
331 1 0.973289
333 1 0.97332
335 1 0.973336
337 1 0.973367
340 1 0.973383
341 1 0.973414
343 1 0.973445
344 1 0.973461
346 1 0.973492
348 1 0.973507
349 1 0.973523
352 1 0.973539
353 1 0.973554
355 1 0.973585
357 1 0.973617
358 1 0.973632
359 1 0.973694
360 1 0.973944
361 1 0.973975
362 1 0.974006
363 1 0.974022
364 1 0.974053
366 1 0.974068
367 1 0.974115
368 1 0.974131
370 1 0.974146
371 1 0.974162
372 1 0.974178
374 1 0.974193
382 1 0.974209
383 1 0.974224
384 1 0.97424
386 1 0.974271
388 1 0.974287
389 1 0.974318
390 1 0.974333
391 1 0.974349
392 1 0.974365
393 1 0.97438
394 1 0.974427
396 1 0.974458
397 1 0.974474
400 1 0.974489
402 1 0.97452
404 1 0.974536
405 1 0.974567
407 1 0.974583
410 1 0.974598
412 1 0.974629
413 1 0.974661
414 1 0.974676
416 1 0.974692
417 1 0.974707
419 1 0.974723
422 1 0.974739
423 1 0.97477
424 1 0.974801
426 1 0.974817
430 1 0.974832
432 1 0.974848
434 1 0.974879
436 1 0.974894
438 1 0.97491
439 1 0.974926
441 1 0.974941
443 1 0.974972
445 1 0.974988
447 1 0.975019
448 1 0.975035
454 1 0.97505
458 1 0.975066
459 1 0.975097
464 1 0.975113
466 1 0.975128
471 1 0.975144
472 1 0.975159
473 1 0.975175
476 1 0.975191
478 1 0.975206
486 1 0.975222
490 1 0.975237
491 1 0.975268
492 1 0.975284
493 1 0.9753
494 1 0.975315
497 1 0.975331
500 1 0.975346
501 1 0.975362
502 1 0.975378
505 1 0.975393
508 1 0.975409
509 1 0.975424
510 1 0.97544
511 1 0.975455
512 1 0.975487
514 1 0.975502
516 1 0.975518
518 1 0.975549
520 1 0.975565
522 1 0.97558
523 1 0.975611
529 1 0.975627
533 1 0.975642
534 1 0.975658
535 1 0.975674
539 1 0.975689
540 1 0.975767
543 1 0.975798
545 1 0.975814
546 1 0.975829
549 1 0.975845
552 1 0.975861
555 1 0.975876
557 1 0.975907
558 1 0.975939
563 1 0.975954
566 1 0.97597
569 1 0.975985
571 1 0.976001
587 1 0.976016
588 1 0.976032
591 1 0.976079
599 1 0.97611
604 1 0.976126
608 1 0.976141
610 1 0.976157
615 1 0.976172
616 1 0.976188
619 1 0.976203
620 1 0.976219
632 1 0.976235
635 1 0.97625
641 1 0.976266
642 1 0.976281
644 1 0.976297
645 1 0.976328
655 1 0.976344
660 1 0.976359
661 1 0.976375
663 1 0.97639
664 1 0.976406
666 1 0.976422
670 1 0.976437
672 1 0.976453
675 1 0.976468
679 1 0.976484
680 1 0.9765
684 1 0.976515
685 1 0.976546
686 1 0.976609
687 1 0.976624
690 1 0.97664
691 1 0.976671
696 1 0.976702
703 1 0.976718
706 1 0.976733
713 1 0.976749
718 1 0.976764
719 1 0.976796
724 1 0.976811
725 1 0.976827
726 1 0.976842
729 1 0.976874
735 1 0.976889
739 1 0.976905
751 1 0.97692
753 1 0.976951
755 1 0.976967
756 1 0.976983
758 1 0.977029
760 1 0.977045
762 1 0.977061
765 1 0.977076
770 1 0.977092
776 1 0.977107
779 1 0.977138
783 1 0.977154
784 1 0.97717
785 1 0.977185
789 1 0.977201
792 1 0.977216
793 1 0.977232
803 1 0.977248
810 1 0.977263
820 1 0.977279
821 1 0.977294
823 1 0.977325
825 1 0.977341
828 1 0.977357
829 1 0.977372
837 1 0.977388
841 1 0.977403
842 1 0.977419
845 1 0.977435
853 1 0.97745
861 1 0.977466
864 1 0.977481
865 1 0.977513
871 1 0.977528
874 1 0.977559
875 1 0.977575
876 1 0.97759
881 1 0.977606
882 1 0.977637
883 1 0.977653
884 1 0.977668
885 1 0.977684
894 1 0.9777
895 1 0.977731
897 1 0.977746
898 1 0.977762
899 1 0.977777
903 1 0.977793
905 1 0.977809
908 1 0.977824
911 1 0.97784
917 1 0.977855
926 1 0.977871
934 1 0.977902
940 1 0.977918
941 1 0.977933
944 1 0.977949
946 1 0.977964
949 1 0.97798
951 1 0.977996
955 1 0.978011
958 1 0.978027
959 1 0.978042
962 1 0.978058
964 1 0.978074
968 1 0.978089
972 1 0.978105
977 1 0.97812
986 1 0.978136
989 1 0.978151
990 1 0.978167
995 1 0.978198
1004 1 0.978229
1011 1 0.978245
1014 1 0.978276
1017 1 0.978292
1021 1 0.978307
1023 1 0.978323
1029 1 0.978338
1039 1 0.97837
1046 1 0.978385
1049 1 0.978401
1052 1 0.978432
1053 1 0.978448
1057 1 0.978463
1058 1 0.978479
1059 1 0.978494
1060 1 0.97851
1062 1 0.978525
1063 1 0.978541
1067 1 0.978557
1070 1 0.978588
1071 1 0.978619
1072 1 0.978635
1079 1 0.978666
1081 1 0.978697
1085 1 0.978712
1086 1 0.978728
1087 1 0.978744
1088 1 0.978759
1090 1 0.978775
1092 1 0.97879
1094 1 0.978806
1101 1 0.978822
1109 1 0.978868
1116 1 0.978884
1117 1 0.978899
1120 1 0.978915
1131 1 0.978931
1132 1 0.978946
1134 1 0.978962
1136 1 0.978993
1141 1 0.979009
1143 1 0.979024
1146 1 0.979055
1148 1 0.979071
1149 1 0.979086
1150 1 0.979102
1151 1 0.979118
1165 1 0.979133
1169 1 0.979149
1171 1 0.979164
1173 1 0.97918
1175 1 0.979196
1183 1 0.979211
1186 1 0.979227
1188 1 0.979242
1190 1 0.979273
1191 1 0.979289
1192 1 0.979305
1194 1 0.97932
1204 1 0.979336
1205 1 0.979351
1208 1 0.979367
1218 1 0.979383
1220 1 0.979398
1226 1 0.979414
1228 1 0.979429
1229 1 0.979445
1232 1 0.97946
1233 1 0.979476
1238 1 0.979492
1239 1 0.979507
1240 1 0.979538
1241 1 0.979554
1247 1 0.97957
1253 1 0.979585
1255 1 0.979601
1257 1 0.979616
1258 1 0.979632
1259 1 0.979647
1261 1 0.979663
1269 1 0.979679
1272 1 0.979694
1274 1 0.97971
1278 1 0.979725
1281 1 0.979741
1283 1 0.979772
1288 1 0.979788
1290 1 0.979803
1295 1 0.979819
1296 1 0.979834
1298 1 0.97985
1299 1 0.979866
1302 1 0.979881
1303 1 0.979897
1304 1 0.979912
1305 1 0.979928
1308 1 0.979944
1310 1 0.979959
1311 1 0.979975
1323 1 0.97999
1325 1 0.980006
1331 1 0.980022
1335 1 0.980037
1336 1 0.980053
1337 1 0.980068
1342 1 0.980084
1349 1 0.980099
1352 1 0.980131
1355 1 0.980146
1356 1 0.980162
1358 1 0.980193
1360 1 0.980209
1363 1 0.980224
1367 1 0.980255
1375 1 0.980271
1379 1 0.980286
1384 1 0.980302
1389 1 0.980318
1400 1 0.980333
1414 1 0.980349
1416 1 0.980364
1421 1 0.98038
1425 1 0.980396
1426 1 0.980427
1428 1 0.980442
1433 1 0.980473
1439 1 0.980489
1440 1 0.98052
1443 1 0.980536
1449 1 0.980551
1451 1 0.980583
1454 1 0.980598
1456 1 0.980629
1457 1 0.980645
1459 1 0.98066
1460 1 0.980676
1463 1 0.980692
1474 1 0.980723
1475 1 0.980738
1478 1 0.980754
1483 1 0.980785
1486 1 0.980801
1491 1 0.980832
1513 1 0.980847
1519 1 0.980879
1521 1 0.980894
1528 1 0.98091
1532 1 0.980941
1536 1 0.980957
1538 1 0.980972
1539 1 0.980988
1540 1 0.981003
1543 1 0.981019
1544 1 0.981034
1549 1 0.98105
1557 1 0.981066
1559 1 0.981097
1564 1 0.981128
1570 1 0.981159
1571 1 0.981175
1573 1 0.981206
1581 1 0.981221
1582 1 0.981237
1587 1 0.981253
1594 1 0.981268
1596 1 0.981284
1597 1 0.981299
1599 1 0.981315
1601 1 0.981331
1604 1 0.981346
1609 1 0.981362
1620 1 0.981393
1631 1 0.981408
1632 1 0.981455
1634 1 0.981486
1638 1 0.981502
1652 1 0.981518
1656 1 0.981533
1684 1 0.981549
1691 1 0.981564
1693 1 0.98158
1699 1 0.981595
1708 1 0.981611
1711 1 0.981627
1717 1 0.981642
1724 1 0.981658
1729 1 0.981673
1730 1 0.981689
1735 1 0.981705
1738 1 0.98172
1750 1 0.981736
1763 1 0.981751
1768 1 0.981767
1771 1 0.981782
1776 1 0.981798
1779 1 0.981829
1785 1 0.981845
1789 1 0.98186
1796 1 0.981876
1798 1 0.981907
1801 1 0.981923
1803 1 0.981938
1817 1 0.981969
1822 1 0.981985
1824 1 0.982001
1832 1 0.982016
1834 1 0.982032
1840 1 0.982047
1855 1 0.982063
1864 1 0.982079
1880 1 0.982094
1901 1 0.98211
1906 1 0.982125
1909 1 0.982141
1918 1 0.982156
1919 1 0.982172
1920 1 0.982188
1921 1 0.982203
1923 1 0.982219
1926 1 0.982234
1928 1 0.982266
1937 1 0.982281
1943 1 0.982297
1957 1 0.982312
1959 1 0.982328
1966 1 0.982343
1970 1 0.982359
1975 1 0.982375
1980 1 0.98239
1982 1 0.982406
1984 1 0.982421
1991 1 0.982437
1993 1 0.982453
1994 1 0.982468
1995 1 0.982484
2008 1 0.982499
2013 1 0.982515
2018 1 0.982531
2021 1 0.982546
2022 1 0.982562
2032 1 0.982577
2040 1 0.982593
2056 1 0.982608
2067 1 0.982624
2070 1 0.98264
2076 1 0.982655
2082 1 0.982671
2088 1 0.982686
2104 1 0.982702
2106 1 0.982718
2122 1 0.982733
2131 1 0.982749
2136 1 0.982764
2138 1 0.98278
2144 1 0.982795
2150 1 0.982811
2151 1 0.982842
2155 1 0.982858
2157 1 0.982873
2160 1 0.982889
2171 1 0.982905
2173 1 0.98292
2175 1 0.982936
2184 1 0.982951
2198 1 0.982967
2205 1 0.982982
2206 1 0.982998
2213 1 0.983014
2218 1 0.983029
2225 1 0.983045
2237 1 0.983076
2247 1 0.983092
2260 1 0.983107
2266 1 0.983123
2278 1 0.983154
2279 1 0.983169
2282 1 0.983185
2288 1 0.983216
2289 1 0.983232
2299 1 0.983247
2305 1 0.983263
2311 1 0.983279
2334 1 0.983294
2342 1 0.98331
2350 1 0.983325
2357 1 0.983341
2361 1 0.983356
2379 1 0.983372
2387 1 0.983388
2392 1 0.983403
2414 1 0.983419
2420 1 0.983434
2425 1 0.98345
2431 1 0.983481
2435 1 0.983497
2436 1 0.983512
2438 1 0.983528
2439 1 0.983543
2452 1 0.983559
2456 1 0.983575
2460 1 0.98359
2465 1 0.983606
2469 1 0.983621
2476 1 0.983653
2479 1 0.983668
2483 1 0.983684
2485 1 0.983715
2487 1 0.98373
2489 1 0.983746
2493 1 0.983762
2496 1 0.983777
2499 1 0.983793
2502 1 0.983808
2515 1 0.983824
2518 1 0.98384
2519 1 0.983855
2526 1 0.983871
2529 1 0.983886
2530 1 0.983902
2533 1 0.983917
2535 1 0.983933
2539 1 0.983949
2540 1 0.983964
2541 1 0.983995
2555 1 0.984011
2560 1 0.984027
2564 1 0.984042
2570 1 0.984058
2574 1 0.984073
2575 1 0.984089
2578 1 0.984104
2591 1 0.98412
2599 1 0.984136
2610 1 0.984151
2612 1 0.984167
2615 1 0.984182
2617 1 0.984198
2618 1 0.984214
2619 1 0.984229
2623 1 0.984245
2624 1 0.98426
2627 1 0.984276
2640 1 0.984291
2641 1 0.984307
2644 1 0.984323
2654 1 0.984338
2662 1 0.984354
2668 1 0.984369
2680 1 0.984385
2687 1 0.984401
2689 1 0.984416
2693 1 0.984432
2697 1 0.984447
2704 1 0.984463
2709 1 0.984494
2713 1 0.98451
2719 1 0.984541
2722 1 0.984556
2725 1 0.984572
2728 1 0.984588
2729 1 0.984603
2733 1 0.984619
2736 1 0.98465
2739 1 0.984665
2740 1 0.984681
2755 1 0.984697
2765 1 0.984728
2779 1 0.984743
2785 1 0.984759
2788 1 0.984775
2797 1 0.98479
2802 1 0.984806
2804 1 0.984821
2805 1 0.984837
2806 1 0.984852
2823 1 0.984868
2839 1 0.984884
2842 1 0.984899
2852 1 0.984915
2859 1 0.98493
2865 1 0.984946
2881 1 0.984962
2883 1 0.984977
2885 1 0.984993
2891 1 0.985008
2897 1 0.985024
2899 1 0.98504
2904 1 0.985055
2913 1 0.985071
2920 1 0.985086
2922 1 0.985102
2926 1 0.985117
2939 1 0.985133
2948 1 0.985149
2955 1 0.985164
2957 1 0.98518
2968 1 0.985211
2974 1 0.985227
2982 1 0.985242
2986 1 0.985258
2988 1 0.985289
2995 1 0.985304
3007 1 0.98532
3013 1 0.985336
3015 1 0.985351
3032 1 0.985367
3034 1 0.985382
3044 1 0.985398
3049 1 0.985414
3057 1 0.985429
3065 1 0.985445
3076 1 0.98546
3080 1 0.985476
3081 1 0.985491
3101 1 0.985507
3103 1 0.985523
3104 1 0.985538
3123 1 0.985554
3129 1 0.985569
3140 1 0.985585
3155 1 0.985601
3161 1 0.985616
3162 1 0.985632
3163 1 0.985647
3190 1 0.985663
3211 1 0.985678
3223 1 0.985694
3224 1 0.98571
3227 1 0.985725
3231 1 0.985741
3236 1 0.985756
3245 1 0.985772
3250 1 0.985803
3272 1 0.985819
3276 1 0.985834
3277 1 0.98585
3280 1 0.985865
3293 1 0.985897
3300 1 0.985912
3307 1 0.985928
3308 1 0.985959
3324 1 0.985975
3346 1 0.98599
3347 1 0.986006
3349 1 0.986021
3351 1 0.986037
3354 1 0.986052
3361 1 0.986068
3367 1 0.986084
3368 1 0.986099
3385 1 0.986115
3387 1 0.98613
3395 1 0.986146
3396 1 0.986162
3397 1 0.986177
3398 1 0.986193
3401 1 0.986208
3402 1 0.986224
3423 1 0.986239
3424 1 0.986255
3440 1 0.986271
3448 1 0.986286
3453 1 0.986302
3462 1 0.986317
3487 1 0.986333
3502 1 0.986349
3511 1 0.986364
3515 1 0.98638
3522 1 0.986395
3524 1 0.986411
3543 1 0.986426
3558 1 0.986442
3564 1 0.986458
3569 1 0.986473
3575 1 0.986489
3583 1 0.986504
3587 1 0.986536
3608 1 0.986551
3623 1 0.986567
3628 1 0.986582
3631 1 0.986598
3633 1 0.986613
3639 1 0.986629
3653 1 0.986645
3657 1 0.986676
3661 1 0.986691
3681 1 0.986707
3715 1 0.986723
3719 1 0.986738
3721 1 0.986754
3722 1 0.986769
3728 1 0.986785
3731 1 0.9868
3737 1 0.986816
3751 1 0.986832
3758 1 0.986847
3760 1 0.986863
3765 1 0.986878
3782 1 0.986894
3783 1 0.98691
3797 1 0.986925
3807 1 0.986941
3813 1 0.986956
3839 1 0.986972
3849 1 0.986987
3865 1 0.987003
3878 1 0.987019
3882 1 0.987034
3911 1 0.98705
3915 1 0.987065
3931 1 0.987081
3935 1 0.987097
3937 1 0.987112
3951 1 0.987128
3958 1 0.987159
3976 1 0.987174
3986 1 0.987206
4025 1 0.987221
4040 1 0.987237
4049 1 0.987252
4060 1 0.987268
4061 1 0.987284
4066 1 0.987315
4075 1 0.98733
4084 1 0.987346
4097 1 0.987361
4103 1 0.987377
4110 1 0.987393
4132 1 0.987408
4136 1 0.987424
4158 1 0.987439
4198 1 0.987455
4208 1 0.987471
4222 1 0.987486
4238 1 0.987502
4253 1 0.987517
4260 1 0.987533
4303 1 0.987549
4312 1 0.987564
4322 1 0.98758
4334 1 0.987595
4336 1 0.987611
4343 1 0.987626
4347 1 0.987642
4390 1 0.987658
4417 1 0.987673
4462 1 0.987689
4480 1 0.987704
4483 1 0.98772
4485 1 0.987751
4510 1 0.987767
4528 1 0.987782
4542 1 0.987798
4555 1 0.987813
4562 1 0.987829
4573 1 0.987845
4593 1 0.98786
4599 1 0.987876
4611 1 0.987891
4612 1 0.987907
4620 1 0.987923
4624 1 0.987938
4659 1 0.987954
4660 1 0.987969
4689 1 0.987985
4698 1 0.988
4731 1 0.988016
4763 1 0.988032
4815 1 0.988047
4835 1 0.988063
4864 1 0.988094
4873 1 0.98811
4905 1 0.988125
4911 1 0.988141
4948 1 0.988156
4964 1 0.988172
4965 1 0.988187
5008 1 0.988203
5050 1 0.988219
5051 1 0.988234
5077 1 0.98825
5080 1 0.988265
5112 1 0.988281
5126 1 0.988297
5137 1 0.988312
5144 1 0.988328
5175 1 0.988343
5181 1 0.988359
5188 1 0.988374
5198 1 0.98839
5200 1 0.988406
5227 1 0.988421
5241 1 0.988437
5433 1 0.988452
5531 1 0.988468
5550 1 0.988484
5553 1 0.988499
5567 1 0.988515
5577 1 0.98853
5578 1 0.988546
5604 1 0.988561
5687 1 0.988577
5693 1 0.988593
5732 1 0.988608
5738 1 0.988624
5788 1 0.988639
5848 1 0.988655
5933 1 0.988671
5940 1 0.988686
5943 1 0.988702
5978 1 0.988717
6047 1 0.988733
6067 1 0.988748
6127 1 0.988764
6160 1 0.98878
6209 1 0.988795
6255 1 0.988811
6270 1 0.988826
6299 1 0.988842
6315 1 0.988858
6333 1 0.988873
6400 1 0.988889
6437 1 0.988904
6446 1 0.98892
6457 1 0.988935
6499 1 0.988951
6694 1 0.988967
6726 1 0.988982
6731 1 0.988998
6912 1 0.989013
6971 1 0.989045
6992 1 0.98906
6993 1 0.989076
7058 1 0.989091
7082 1 0.989107
7111 1 0.989122
7128 1 0.989138
7249 1 0.989154
7346 1 0.989169
7602 1 0.989185
7681 1 0.9892
7753 1 0.989216
7781 1 0.989232
7812 1 0.989247
7858 1 0.989263
7909 1 0.989278
7944 1 0.989294
8030 1 0.989309
8054 1 0.989325
8178 1 0.989341
8249 1 0.989356
8268 1 0.989372
8434 1 0.989387
8660 1 0.989403
8708 1 0.989419
8796 1 0.989434
8853 1 0.98945
8929 1 0.989465
8955 1 0.989481
9016 1 0.989496
9172 1 0.989512
9207 1 0.989528
9211 1 0.989543
9308 1 0.989559
9324 1 0.989574
9332 1 0.98959
9361 1 0.989606
9382 1 0.989621
9401 1 0.989637
9430 1 0.989652
9519 1 0.989668
9744 1 0.989683
9907 1 0.989699
9910 1 0.989715
10076 1 0.98973
10370 1 0.989746
10429 1 0.989761
10435 1 0.989777
10579 1 0.989793
10714 1 0.989808
10752 1 0.989824
10937 1 0.989839
11195 1 0.989855
11210 1 0.98987
11241 1 0.989886
11570 1 0.989902
11575 1 0.989917
11732 1 0.989933
11968 1 0.989948
12027 1 0.989964
12077 1 0.98998
12143 1 0.989995
12191 1 0.990011
12226 1 0.990026
12372 1 0.990042
12682 1 0.990058
12685 1 0.990073
12753 1 0.990089
12756 1 0.990104
12781 1 0.99012
12883 1 0.990135
12971 1 0.990151
13367 1 0.990167
13681 1 0.990182
13702 1 0.990198
13746 1 0.990213
13747 1 0.990229
13800 1 0.990245
14559 1 0.99026
14647 1 0.990276
14908 1 0.990291
15178 1 0.990307
15247 1 0.990322
15359 1 0.990338
15484 1 0.990354
15635 1 0.990369
15645 1 0.990385
15772 1 0.9904
15869 1 0.990416
16028 1 0.990432
16174 1 0.990447
16387 1 0.990463
16502 1 0.990478
16745 1 0.990494
16993 1 0.990509
17151 1 0.990525
17218 1 0.990541
17555 1 0.990556
18054 1 0.990572
18335 1 0.990587
19516 1 0.990603
19706 1 0.990619
20112 1 0.990634
20290 1 0.99065
20316 1 0.990665
20345 1 0.990681
20504 1 0.990696
20519 1 0.990712
20658 1 0.990728
21064 1 0.990743
21098 1 0.990759
21113 1 0.990774
21165 1 0.99079
21467 1 0.990806
21485 1 0.990821
21752 1 0.990852
21755 1 0.990868
21912 1 0.990883
21954 1 0.990899
22112 1 0.990915
22156 1 0.99093
22249 1 0.990946
22379 1 0.990961
22875 1 0.990977
23008 1 0.990993
23037 1 0.991008
23202 1 0.991024
23242 1 0.991039
23471 1 0.991055
23662 1 0.99107
23769 1 0.991086
23924 1 0.991102
24163 1 0.991117
24199 1 0.991133
24432 1 0.991148
24434 1 0.991164
24481 1 0.99118
24589 1 0.991195
24814 1 0.991211
25073 1 0.991226
25112 1 0.991242
25222 1 0.991257
25550 1 0.991273
25582 1 0.991289
25592 1 0.991304
26027 1 0.99132
26336 1 0.991335
26405 1 0.991351
26473 1 0.991367
26612 1 0.991382
26656 1 0.991398
26770 1 0.991413
27342 1 0.991429
27436 1 0.991444
27483 1 0.99146
27706 1 0.991476
28051 1 0.991491
28176 1 0.991507
28410 1 0.991522
28480 1 0.991538
29358 1 0.991554
29831 1 0.991569
30127 1 0.991585
30290 1 0.9916
30305 1 0.991616
30635 1 0.991631
30719 1 0.991647
30786 1 0.991663
30885 1 0.991678
31106 1 0.991694
31463 1 0.991709
31593 1 0.991725
31639 1 0.991741
32047 1 0.991756
32606 1 0.991772
32771 1 0.991787
33063 1 0.991803
33368 1 0.991818
33720 1 0.991834
34542 1 0.99185
34659 1 0.991865
35189 1 0.991881
35640 1 0.991896
35856 1 0.991912
35865 1 0.991928
35934 1 0.991943
36068 1 0.991959
36134 1 0.991974
36333 1 0.99199
36481 1 0.992005
36639 1 0.992021
36674 1 0.992037
37254 1 0.992052
37457 1 0.992068
37711 1 0.992083
38258 1 0.992099
38514 1 0.992115
38685 1 0.99213
38960 1 0.992146
39240 1 0.992161
39414 1 0.992177
39651 1 0.992192
40267 1 0.992208
40451 1 0.992224
40618 1 0.992239
40753 1 0.992255
41106 1 0.99227
41226 1 0.992286
41341 1 0.992302
41383 1 0.992317
41392 1 0.992333
41698 1 0.992348
41836 1 0.992364
42116 1 0.992379
42156 1 0.992395
43550 1 0.992411
43771 1 0.992426
44011 1 0.992442
44437 1 0.992457
44558 1 0.992473
44637 1 0.992489
44676 1 0.992504
46253 1 0.99252
46586 1 0.992535
47317 1 0.992551
47640 1 0.992567
47762 1 0.992582
47920 1 0.992598
48012 1 0.992613
48069 1 0.992629
49723 1 0.992644
49926 1 0.99266
50544 1 0.992676
51148 1 0.992691
51236 1 0.992707
51328 1 0.992722
51869 1 0.992738
53127 1 0.992754
53823 1 0.992769
54077 1 0.992785
54088 1 0.9928
54671 1 0.992816
54709 1 0.992831
54879 1 0.992847
55027 1 0.992863
55148 1 0.992878
56733 1 0.992894
57128 1 0.992909
57398 1 0.992925
57943 1 0.992941
58705 1 0.992956
58937 1 0.992972
59045 1 0.992987
59549 1 0.993003
61240 1 0.993018
61454 1 0.993034
61523 1 0.99305
61934 1 0.993065
62234 1 0.993081
62897 1 0.993096
63485 1 0.993112
63693 1 0.993128
63707 1 0.993143
63896 1 0.993159
64376 1 0.993174
64409 1 0.99319
64456 1 0.993205
64804 1 0.993221
65017 1 0.993237
65829 1 0.993252
66391 1 0.993268
66440 1 0.993283
66442 1 0.993299
66892 1 0.993315
67039 1 0.99333
67593 1 0.993346
67716 1 0.993361
68698 1 0.993377
68932 1 0.993392
69434 1 0.993408
69887 1 0.993424
70042 1 0.993439
70115 1 0.993455
70282 1 0.99347
70334 1 0.993486
70757 1 0.993502
71006 1 0.993517
71345 1 0.993533
72186 1 0.993548
72928 1 0.993564
73238 1 0.993579
74038 1 0.993595
74910 1 0.993611
78157 1 0.993626
78439 1 0.993642
78803 1 0.993657
80263 1 0.993673
80577 1 0.993689
80603 1 0.993704
81536 1 0.99372
81832 1 0.993735
82022 1 0.993751
82495 1 0.993766
82837 1 0.993782
83433 1 0.993798
83522 1 0.993813
83753 1 0.993829
84204 1 0.993844
84275 1 0.99386
86561 1 0.993876
86779 1 0.993891
87292 1 0.993907
87656 1 0.993922
89054 1 0.993938
90478 1 0.993953
91589 1 0.993969
91697 1 0.993985
91987 1 0.994
93567 1 0.994016
94602 1 0.994031
95464 1 0.994047
95470 1 0.994063
95725 1 0.994078
95751 1 0.994094
95866 1 0.994109
95921 1 0.994125
96130 1 0.99414
97158 1 0.994156
97709 1 0.994172
98028 1 0.994187
99676 1 0.994203
101743 1 0.994218
101761 1 0.994234
101800 1 0.99425
101813 1 0.994265
103143 1 0.994281
104280 1 0.994296
104402 1 0.994312
104424 1 0.994327
104687 1 0.994343
105013 1 0.994359
105607 1 0.994374
106026 1 0.99439
106427 1 0.994405
106940 1 0.994421
107498 1 0.994437
107851 1 0.994452
108699 1 0.994468
108934 1 0.994483
109488 1 0.994499
109703 1 0.994514
109816 1 0.99453
110198 1 0.994546
113858 1 0.994561
113941 1 0.994577
114997 1 0.994592
115052 1 0.994608
115462 1 0.994624
116184 1 0.994639
116845 1 0.994655
117914 1 0.99467
118190 1 0.994686
118235 1 0.994701
118416 1 0.994717
118648 1 0.994733
118902 1 0.994748
119353 1 0.994764
119505 1 0.994779
119853 1 0.994795
120354 1 0.994811
120382 1 0.994826
121557 1 0.994842
121773 1 0.994857
122375 1 0.994873
122496 1 0.994888
122603 1 0.994904
122755 1 0.99492
122857 1 0.994935
123493 1 0.994951
124214 1 0.994966
124465 1 0.994982
125286 1 0.994998
125303 1 0.995013
126224 1 0.995029
126437 1 0.995044
126595 1 0.99506
127702 1 0.995076
128567 1 0.995091
129621 1 0.995107
130776 1 0.995122
131002 1 0.995138
131744 1 0.995153
132300 1 0.995169
132393 1 0.995185
132755 1 0.9952
132935 1 0.995216
132996 1 0.995231
133200 1 0.995247
134023 1 0.995263
135617 1 0.995278
135672 1 0.995294
136392 1 0.995309
136422 1 0.995325
136439 1 0.99534
136855 1 0.995356
136898 1 0.995372
137359 1 0.995387
138007 1 0.995403
138163 1 0.995418
138256 1 0.995434
138832 1 0.99545
139061 1 0.995465
139130 1 0.995481
139144 1 0.995496
139449 1 0.995512
139875 1 0.995527
139892 1 0.995543
140838 1 0.995559
141768 1 0.995574
142343 1 0.99559
143063 1 0.995605
143908 1 0.995621
144798 1 0.995637
145032 1 0.995652
145980 1 0.995668
146377 1 0.995683
146540 1 0.995699
146575 1 0.995714
146576 1 0.99573
146587 1 0.995746
149164 1 0.995761
149626 1 0.995777
149767 1 0.995792
150034 1 0.995808
150966 1 0.995824
151126 1 0.995839
151260 1 0.995855
151740 1 0.99587
152006 1 0.995886
152083 1 0.995901
152379 1 0.995917
153109 1 0.995933
153284 1 0.995948
153304 1 0.995964
153449 1 0.995979
153561 1 0.995995
153761 1 0.996011
154544 1 0.996026
156640 1 0.996042
156658 1 0.996057
156915 1 0.996073
157026 1 0.996088
157031 1 0.996104
157059 1 0.99612
157555 1 0.996135
157634 1 0.996151
157735 1 0.996166
158861 1 0.996182
159285 1 0.996198
159437 1 0.996213
160298 1 0.996229
160347 1 0.996244
160803 1 0.99626
160915 1 0.996275
161487 1 0.996291
162568 1 0.996307
162645 1 0.996322
162748 1 0.996338
162772 1 0.996353
163518 1 0.996369
164262 1 0.996385
164315 1 0.9964
164467 1 0.996416
165342 1 0.996431
165389 1 0.996447
165446 1 0.996462
165470 1 0.996478
165510 1 0.996494
166005 1 0.996509
166020 1 0.996525
166159 1 0.99654
166555 1 0.996556
166634 1 0.996572
166749 1 0.996587
167090 1 0.996603
167629 1 0.996618
168240 1 0.996634
168349 1 0.996649
168550 1 0.996665
168595 1 0.996681
169757 1 0.996696
170540 1 0.996712
170973 1 0.996727
171207 1 0.996743
172143 1 0.996759
172601 1 0.996774
173289 1 0.99679
173413 1 0.996805
173546 1 0.996821
174457 1 0.996836
174486 1 0.996852
174845 1 0.996868
174916 1 0.996883
175847 1 0.996899
176242 1 0.996914
176296 1 0.99693
176335 1 0.996946
177093 1 0.996961
178494 1 0.996977
178730 1 0.996992
179103 1 0.997008
179445 1 0.997023
179592 1 0.997039
179936 1 0.997055
179940 1 0.99707
180238 1 0.997086
181111 1 0.997101
182240 1 0.997117
184996 1 0.997133
185001 1 0.997148
185767 1 0.997164
185950 1 0.997179
186635 1 0.997195
187611 1 0.99721
188502 1 0.997226
189064 1 0.997242
189129 1 0.997257
189702 1 0.997273
190681 1 0.997288
191076 1 0.997304
191346 1 0.99732
193414 1 0.997335
193650 1 0.997351
193929 1 0.997366
194093 1 0.997382
194474 1 0.997397
194684 1 0.997413
195402 1 0.997429
195664 1 0.997444
196133 1 0.99746
197284 1 0.997475
197313 1 0.997491
197475 1 0.997507
197589 1 0.997522
197845 1 0.997538
198468 1 0.997553
198817 1 0.997569
199351 1 0.997585
199547 1 0.9976
199669 1 0.997616
199725 1 0.997631
200348 1 0.997647
201048 1 0.997662
203791 1 0.997678
204552 1 0.997694
204776 1 0.997709
205083 1 0.997725
205859 1 0.99774
206063 1 0.997756
206373 1 0.997772
207596 1 0.997787
208451 1 0.997803
208678 1 0.997818
208823 1 0.997834
209098 1 0.997849
209182 1 0.997865
209885 1 0.997881
210054 1 0.997896
210140 1 0.997912
212241 1 0.997927
212457 1 0.997943
212625 1 0.997959
212665 1 0.997974
213265 1 0.99799
213664 1 0.998005
213853 1 0.998021
214032 1 0.998036
214209 1 0.998052
214361 1 0.998068
214438 1 0.998083
214957 1 0.998099
215175 1 0.998114
215299 1 0.99813
215534 1 0.998146
216091 1 0.998161
216167 1 0.998177
216239 1 0.998192
216774 1 0.998208
217686 1 0.998223
218188 1 0.998239
218271 1 0.998255
218542 1 0.99827
218834 1 0.998286
218884 1 0.998301
219987 1 0.998317
220139 1 0.998333
220304 1 0.998348
220638 1 0.998364
220733 1 0.998379
221254 1 0.998395
221319 1 0.99841
222027 1 0.998426
222351 1 0.998442
223169 1 0.998457
223779 1 0.998473
224600 1 0.998488
225566 1 0.998504
226188 1 0.99852
226820 1 0.998535
227233 1 0.998551
227575 1 0.998566
227659 1 0.998582
227896 1 0.998597
228276 1 0.998613
228564 1 0.998629
228627 1 0.998644
228870 1 0.99866
229912 1 0.998675
232241 1 0.998691
232271 1 0.998707
233967 1 0.998722
234535 1 0.998738
235409 1 0.998753
236124 1 0.998769
236701 1 0.998784
238089 1 0.9988
238358 1 0.998816
239864 1 0.998831
240815 1 0.998847
240845 1 0.998862
241792 1 0.998878
242634 1 0.998894
244925 1 0.998909
246207 1 0.998925
246244 1 0.99894
246392 1 0.998956
247919 1 0.998971
249209 1 0.998987
249433 1 0.999003
249877 1 0.999018
251456 1 0.999034
252233 1 0.999049
255951 1 0.999065
257283 1 0.999081
257288 1 0.999096
257498 1 0.999112
257975 1 0.999127
258651 1 0.999143
259964 1 0.999158
260196 1 0.999174
261326 1 0.99919
268150 1 0.999205
269731 1 0.999221
273377 1 0.999236
277479 1 0.999252
277785 1 0.999268
278667 1 0.999283
279288 1 0.999299
282480 1 0.999314
282620 1 0.99933
284119 1 0.999345
284913 1 0.999361
292300 1 0.999377
292455 1 0.999392
293475 1 0.999408
296643 1 0.999423
296863 1 0.999439
297371 1 0.999455
303777 1 0.99947
306207 1 0.999486
313155 1 0.999501
313248 1 0.999517
314033 1 0.999532
314858 1 0.999548
320061 1 0.999564
321115 1 0.999579
321693 1 0.999595
322747 1 0.99961
323256 1 0.999626
324941 1 0.999642
325351 1 0.999657
327659 1 0.999673
327880 1 0.999688
328723 1 0.999704
331392 1 0.999719
333950 1 0.999735
335664 1 0.999751
336385 1 0.999766
338104 1 0.999782
338176 1 0.999797
344129 1 0.999813
347474 1 0.999829
348376 1 0.999844
352228 1 0.99986
352654 1 0.999875
354856 1 0.999891
358010 1 0.999906
363899 1 0.999922
365326 1 0.999938
369274 1 0.999953
403286 1 0.999969
410926 1 0.999984
416040 1 1.0
